11111. ΜΕΤΒΟΙΝΜ uem.

hexametri: 3. 5. 7. 10. 12. 14. 19. 26. 31. 44-46. 53. 65-67. 72. 76.
78. 80. 81. 87. 92. 101. 108. 109. 115. 157-166. 174 178-
181. 213. 262. 270. 271. 2726. 280. 281. 283. 285. 230. 234.
304-306. 312. 320. 322. 342. 344. 343-351. 354. 355. 361.
365. 368. 375. 379. 380. 3856. 383. 390. 392. 401-404. 408
(7). 415. 416. 420. 422. 427-429. 438. 441. 444. 445. 440.
450. 4526. 454. 456-458. 460. 472. 475. 473. 480. 484. 502
66. 503. 513. 520-522. 526. 535. 537. 540. 541. 544. 584.
586-588. 590. 591. 594. 601. 607-610. 612. 618. 620. 632.
eea-637. 6466). rer-650. 666. 666. 666-661. err. ere.
676. 680. 682. 692. 694. 700. 702 703. 705. 707. 711. 713.
714. 726. 727. ’729-732. 738. 739. 741. 742. 747. 757. 760.
772. 775-778. 784. 789. 792. 600. 805. 8076 808. 803. 813.
820. 8276. 840. 865. 870. 871. 875. 887. 891. 892. 896. 897.
899. 908. 911. 918-922. 325. 934. 936. 941. 346. 350-352.
960. 9620). 963. 970. 971. 397-933. 1003. 1011. 1013. 1016.
1019. 1023-1026. 102766 r. eoeqq. 1028 1023. 1031-1034
(v. 1-4. 15-32). 1035-1038. 1041. 1042. 1046. 1055. 1057
-1060, 1062-1069. 1071. 10741076. 1082.1031.1094.1038.
110011051110. 1113. 1116. 1120. 1121. 1123. 1124. 1128.
1134. 1136. 1140. Add. 46 1816. 1376. eles 8386. 4616. 4636
6466. 9036. 10296. praef. 11006.
hexametro subiecta tripodis dactyliee 188. 800.
„ subiecti pentametri tree 113.
„ „ senarii (166 282. 360. 798. ·
hexametris siugulis eubieeti singuli senarii (67161661611) 211.
„ „ „ „ dimetri 16616161 154. 155.
„ duobus subiectus pentameter 52. 132 171. 870. 400. 662. 666.
687. 823 (616). 11118.

 

